waiting for 1 second sample...
#<--------CPU--------><----------Disks-----------><----------Network---------->
#cpu sys inter  ctxsw KBRead  Reads KBWrit Writes   KBIn  PktIn  KBOut  PktOut 
   0   0    17     33      0      0      0      0      0      0      0       0 
T  0   0    17     33      0      0      0      0      0      0      0       0 
   3   1    54     76      0      0      0      0      1      5      2       6 
T  1   0    71    109      0      0      0      0      1      5      2       6 
   0   0    34     62      0      0     72      2      1      6      3       7 
T  1   0   105    171      0      0     72      2      2     11      5      13 
   0   0    26     50      0      0      0      0      0      1      1       1 
T  0   0   131    221      0      0     72      2      2     12      6      14 
   1   0    27     29      0      0      0      0      0      3      2       4 
T  0   0   158    250      0      0     72      2      2     15      8      18 
   6   0    91     84      0      0      0      0      1      6      2       7 
T  1   0   249    334      0      0     72      2      3     21     10      25 
   0   0    23     34      0      0      0      0      0      1      0       1 
T  1   0   272    368      0      0     72      2      3     22     10      26 
   0   0    20     34      0      0      0      0      0      1      0       1 
T  1   0   292    402      0      0     72      2      3     23     10      27 
   0   0    23     46      0      0     24      3      0      1      0       2 
T  1   0   315    448      0      0     96      5      3     24     11      29 
   3   0    48     55      0      0      0      0      0      2      1       3 
T  1   0   363    503      0      0     96      5      3     26     11      32 
   0   0    16     25      0      0      0      0      0      1      0       1 
T  1   0   379    528      0      0     96      5      3     27     11      33 
   3   0    57     75      0      0     44      3      0      3      1       4 
T  1   0   436    603      0      0    140      8      4     30     12      37 
   0   0    20     35      0      0      0      0      0      2      0       1 
T  1   0   456    638      0      0    140      8      4     32     12      38 
   0   0    38     64      0      0     72     14      0      4      1       4 
T  1   0   494    702      0      0    212     22      4     36     13      42 
   2   1    46     90      0      0      0      0      1      8      1       7 
T  1   0   540    792      0      0    212     22      5     44     15      49 
   0   0    21     37      0      0      0      0      0      1      0       1 
T  1   0   561    829      0      0    212     22      5     45     15      50 
   1   1    21     37      0      0      0      0      1      6      1       6 
T  1   0   582    866      0      0    212     22      6     51     15      56 
   2   0    65    108      0      0     24      2      2     12      2      11 
T  1   0   647    974      0      0    236     24      8     63     18      67 
   0   0    33     64      0      0      0      0      1      7      1       8 
T  1   0   680   1038      0      0    236     24      9     70     19      75 
   1   0    43     96      0      0      0      0      2     12      3      12 
T  1   0   723   1134      0      0    236     24     11     82     22      87 
   0   0    30     63      0      0      0      0      1      6      1       6 
T  1   0   753   1197      0      0    236     24     11     88     23      93 
   1   0    24     43      0      0      0      0      0      2      0       2 
T  1   0   777   1240      0      0    236     24     12     90     23      95 
#<--------CPU--------><----------Disks-----------><----------Network---------->
#cpu sys inter  ctxsw KBRead  Reads KBWrit Writes   KBIn  PktIn  KBOut  PktOut 
   0   0    19     31      0      0     20      2      0      1      0       1 
T  1   0   796   1271      0      0    256     26     12     91     24      96 
   0   0    29     53      0      0      0      0      0      1      0       2 
T  0   0   825   1324      0      0    256     26     12     92     24      98 
   0   0    22     35      0      0      0      0      0      1      0       2 
T  0   0   847   1359      0      0    256     26     12     93     24     100 
   2   1    35     53      0      0      0      0      0      4      0       4 
T  0   0   882   1412      0      0    256     26     12     97     25     104 
   0   0    23     34      0      0      0      0      0      1      0       1 
T  0   0   905   1446      0      0    256     26     12     98     25     105 
   0   0    34     65      0      0      0      0      1      6      1       6 
T  0   0   939   1511      0      0    256     26     13    104     26     111 
   1   0    24     38      0      0     32      3      0      4      0       2 
T  0   0   963   1549      0      0    288     29     13    108     27     113 
   0   0    27     57      0      0      0      0      1      7      1       6 
T  0   0   990   1606      0      0    288     29     14    115     28     119 
   0   0    29     59      0      0      0      0      1      6      1       5 
T  0   0  1019   1665      0      0    288     29     15    121     28     124 
   0   0    28     49      0      0      0      0      1      6      1       5 
T  0   0  1047   1714      0      0    288     29     16    127     29     129 
   1   0    29     48      0      0      0      0      1      5      1       6 
T  0   0  1076   1762      0      0    288     29     16    132     30     135 
   0   0    38     77      0      0     16      3      1      6      1       5 
T  0   0  1114   1839      0      0    304     32     17    138     31     140 
   0   0    33     58      0      0     32      2      1      7      1       6 
T  0   0  1147   1897      0      0    336     34     18    145     32     146 
   0   0    21     31      0      0      0      0      0      3      0       2 
T  0   0  1168   1928      0      0    336     34     18    148     32     148 
   1   0    41     74      0      0      0      0      1      8      1       8 
T  0   0  1209   2002      0      0    336     34     19    156     33     156 
   0   0    21     26      0      0      0      0      0      3      0       2 
T  0   0  1230   2028      0      0    336     34     19    159     34     158 
   2   1    63     74      0      0     24      4      1      7      1       6 
T  0   0  1293   2102      0      0    360     38     20    166     35     164 
   3   1    78    111    168      9      0      0      1      6      3       6 
T  0   0  1371   2213    168      9    360     38     21    172     37     170 
   0   0    33     47      0      0      0      0      1      6      1       6 
T  0   0  1404   2260    168      9    360     38     22    178     39     176 
   3   1    57     81      0      0      0      0      1      7      1       7 
T  0   0  1461   2341    168      9    360     38     23    185     40     183 
   1   0    36     55      0      0      0      0      1      7      1       4 
T  0   0  1497   2396    168      9    360     38     23    192     40     187 
   4   0    80     87      0      0     48      4      0      2      1       3 
T  0   0  1577   2483    168      9    408     42     24    194     41     190 
#<--------CPU--------><----------Disks-----------><----------Network---------->
#cpu sys inter  ctxsw KBRead  Reads KBWrit Writes   KBIn  PktIn  KBOut  PktOut 
   0   0    17     25      0      0      0      0      0      1      0       1 
T  0   0  1594   2508    168      9    408     42     24    195     41     191 
   4   1    64     88      0      0      0      0      0      4      1       4 
